,home city,work city,Age [0-29],Age [30-54],Age [55+],Jobs: Goods Producing,Jobs: Other,"Jobs: Trade, Transport, Utilities","Salary, Monthly [0-1250]","Salary, Monthly [1251-3333]","Salary, Monthly [3334+]",total jobs,Year
51963,"New Sharon, IA","Pella, IA",61,145,67,36,208,29,93,108,72,273,2010
51948,"New Sharon, IA","New Sharon, IA",37,129,68,86,118,30,70,98,66,234,2010
51910,"New Sharon, IA","Harvey, IA",16,120,49,170,8,7,11,89,85,185,2010
51904,"New Sharon, IA","Grinnell, IA",51,81,25,36,106,15,43,66,48,157,2010
51959,"New Sharon, IA","Oskaloosa, IA",36,61,37,38,72,24,35,60,39,134,2010
51935,"New Sharon, IA","Melcher-Dallas, IA",14,82,26,120,2,0,2,64,56,122,2010
51927,"New Sharon, IA","Lynnville, IA",13,50,16,12,50,17,21,26,32,79,2010
51993,"New Sharon, IA","University Park, IA",11,44,15,8,50,12,16,30,24,70,2010
51939,"New Sharon, IA","Montezuma, IA",5,40,19,25,21,18,14,17,33,64,2010
51884,"New Sharon, IA","Des Moines, IA",15,36,7,6,36,16,13,19,26,58,2010
51901,"New Sharon, IA","Gilman, IA",8,28,9,22,12,11,9,27,9,45,2010
51949,"New Sharon, IA","Newton, IA",11,17,4,12,13,7,12,13,7,32,2010
51960,"New Sharon, IA","Ottumwa, IA",7,16,7,6,17,7,8,8,14,30,2010
51839,"New Sharon, IA","Ames, IA",7,13,5,2,16,7,7,4,14,25,2010
51871,"New Sharon, IA","Clive, IA",7,8,7,0,14,8,6,8,8,22,2010
51914,"New Sharon, IA","Iowa City, IA",8,8,5,1,13,7,7,8,6,21,2010
51931,"New Sharon, IA","Marshalltown, IA",3,13,4,3,12,5,8,6,6,20,2010
51905,"New Sharon, IA","Guernsey, IA",1,14,3,12,5,1,5,8,5,18,2010
51920,"New Sharon, IA","Knoxville, IA",5,9,4,3,10,5,7,3,8,18,2010
51862,"New Sharon, IA","Cedar Rapids, IA",4,7,5,4,10,2,2,6,8,16,2010
51857,"New Sharon, IA","Bussey, IA",1,12,1,8,4,2,1,4,9,14,2010
51841,"New Sharon, IA","Ankeny, IA",6,3,5,1,7,6,9,0,5,14,2010
51996,"New Sharon, IA","Waterloo, IA",4,4,4,0,9,3,5,3,4,12,2010
51946,"New Sharon, IA","Muscatine, IA",5,6,1,7,2,3,3,1,8,12,2010
51994,"New Sharon, IA","Urbandale, IA",1,9,1,1,7,3,3,5,3,11,2010
51966,"New Sharon, IA","Pleasantville, IA",0,10,0,2,7,1,1,5,4,10,2010
51913,"New Sharon, IA","Indianola, IA",3,2,5,0,7,3,4,6,0,10,2010
51855,"New Sharon, IA","Brooklyn, IA",4,5,0,6,3,0,2,4,3,9,2010
51932,"New Sharon, IA","Mason City, IA",2,5,1,0,5,3,3,3,2,8,2010
51850,"New Sharon, IA","Bettendorf, IA",2,5,1,0,3,5,2,4,2,8,2010
51965,"New Sharon, IA","Pleasant Hill, IA",4,1,3,2,3,3,4,2,2,8,2010
51970,"New Sharon, IA","Reasnor, IA",3,4,0,0,7,0,0,3,4,7,2010
51890,"New Sharon, IA","Elk Run Heights, IA",2,4,1,5,2,0,0,1,6,7,2010
51854,"New Sharon, IA","Boone, IA",6,1,0,0,3,4,7,0,0,7,2010
51881,"New Sharon, IA","Davenport, IA",3,3,1,0,4,3,1,3,3,7,2010
51952,"New Sharon, IA","North Liberty, IA",3,2,1,0,1,5,1,4,1,6,2010
51991,"New Sharon, IA","Toledo, IA",1,3,2,0,3,3,1,4,1,6,2010
51856,"New Sharon, IA","Burlington, IA",2,4,0,0,2,4,3,1,2,6,2010
51880,"New Sharon, IA","Creston, IA",2,3,0,1,0,4,1,2,2,5,2010
51886,"New Sharon, IA","Eddyville, IA",0,5,0,2,1,2,0,2,3,5,2010
51972,"New Sharon, IA","Richland, IA",0,1,4,0,1,4,0,4,1,5,2010
51915,"New Sharon, IA","Iowa Falls, IA",2,2,1,2,2,1,1,2,2,5,2010
51911,"New Sharon, IA","Hiawatha, IA",4,1,0,0,1,4,3,1,1,5,2010
51995,"New Sharon, IA","Washington, IA",2,3,0,2,2,1,0,2,3,5,2010
52009,"New Sharon, IA","Winterset, IA",1,4,0,0,3,2,4,0,1,5,2010
52008,"New Sharon, IA","Windsor Heights, IA",0,3,2,2,3,0,0,2,3,5,2010
52004,"New Sharon, IA","West Des Moines, IA",2,3,0,2,3,0,2,0,3,5,2010
51944,"New Sharon, IA","Mount Pleasant, IA",0,3,2,0,2,3,1,2,2,5,2010
51894,"New Sharon, IA","Fairfield, IA",1,2,1,0,1,3,0,1,3,4,2010
51928,"New Sharon, IA","Malcom, IA",3,0,1,2,2,0,3,1,0,4,2010
51835,"New Sharon, IA","Albia, IA",1,3,0,1,2,1,0,3,1,4,2010
51859,"New Sharon, IA","Carroll, IA",2,2,0,0,2,2,3,1,0,4,2010
51861,"New Sharon, IA","Cedar Falls, IA",2,1,1,1,1,2,2,2,0,4,2010
51998,"New Sharon, IA","Webster City, IA",3,1,0,1,1,2,1,1,2,4,2010
51885,"New Sharon, IA","Dubuque, IA",1,2,1,1,2,1,3,1,0,4,2010
51864,"New Sharon, IA","Centerville, IA",1,2,1,0,1,3,1,2,1,4,2010
51922,"New Sharon, IA","Lambs Grove, IA",1,2,1,1,3,0,2,0,2,4,2010
51843,"New Sharon, IA","Asbury, IA",2,1,0,0,2,1,1,2,0,3,2010
51912,"New Sharon, IA","Independence, IA",0,2,1,0,1,2,0,2,1,3,2010
51973,"New Sharon, IA","Riverdale, IA",1,2,0,0,0,3,1,0,2,3,2010
51851,"New Sharon, IA","Blairstown, IA",0,2,1,3,0,0,0,0,3,3,2010
51992,"New Sharon, IA","University Heights, IA",2,0,1,0,3,0,2,1,0,3,2010
51893,"New Sharon, IA","Fairfax, IA",2,1,0,0,2,1,1,1,1,3,2010
51878,"New Sharon, IA","Council Bluffs, IA",1,2,0,0,3,0,1,1,1,3,2010
51930,"New Sharon, IA","Marengo, IA",1,2,0,3,0,0,0,1,2,3,2010
51985,"New Sharon, IA","Story City, IA",1,2,0,0,1,2,0,2,1,3,2010
51971,"New Sharon, IA","Red Oak, IA",0,1,1,0,2,0,0,2,0,2,2010
51975,"New Sharon, IA","Robins, IA",2,0,0,0,1,1,2,0,0,2,2010
51947,"New Sharon, IA","Nevada, IA",1,1,0,1,0,1,0,2,0,2,2010
51961,"New Sharon, IA","Oxford, IA",0,1,1,0,0,2,0,2,0,2,2010
51929,"New Sharon, IA","Manchester, IA",1,1,0,0,2,0,1,1,0,2,2010
51951,"New Sharon, IA","North English, IA",1,1,0,0,1,1,1,1,0,2,2010
51938,"New Sharon, IA","Monroe, IA",1,1,0,0,1,1,1,1,0,2,2010
51937,"New Sharon, IA","Mitchellville, IA",1,1,0,1,1,0,0,0,2,2,2010
51834,"New Sharon, IA","Adel, IA",1,1,0,0,2,0,1,0,1,2,2010
51874,"New Sharon, IA","Conrad, IA",0,1,1,0,1,1,0,1,1,2,2010
51891,"New Sharon, IA","Ely, IA",2,0,0,0,2,0,2,0,0,2,2010
51838,"New Sharon, IA","Altoona, IA",1,0,1,0,1,1,1,1,0,2,2010
52007,"New Sharon, IA","Williamsburg, IA",1,0,1,0,1,1,2,0,0,2,2010
52002,"New Sharon, IA","West Burlington, IA",1,1,0,0,0,2,0,1,1,2,2010
51853,"New Sharon, IA","Bondurant, IA",0,2,0,0,1,1,1,0,1,2,2010
51858,"New Sharon, IA","Carlisle, IA",0,0,2,0,0,2,1,0,1,2,2010
51865,"New Sharon, IA","Chariton, IA",0,1,1,0,2,0,0,2,0,2,2010
51997,"New Sharon, IA","Waukee, IA",0,2,0,0,2,0,1,0,1,2,2010
51868,"New Sharon, IA","Clearfield, IA",0,1,1,1,1,0,0,1,1,2,2010
51872,"New Sharon, IA","Columbus Junction, IA",0,1,1,0,2,0,0,1,1,2,2010
51873,"New Sharon, IA","Conesville, IA",2,0,0,2,0,0,0,2,0,2,2010
51879,"New Sharon, IA","Cresco, IA",0,2,0,0,2,0,1,1,0,2,2010
51957,"New Sharon, IA","Onawa, IA",0,0,2,1,1,0,0,1,1,2,2010
51956,"New Sharon, IA","Oelwein, IA",1,1,0,0,1,1,1,0,1,2,2010
51978,"New Sharon, IA","Shenandoah, IA",2,0,0,1,1,0,0,1,1,2,2010
51906,"New Sharon, IA","Guthrie Center, IA",0,2,0,0,0,2,0,2,0,2,2010
51903,"New Sharon, IA","Grimes, IA",1,0,1,0,0,2,1,0,1,2,2010
51896,"New Sharon, IA","Fort Dodge, IA",0,1,1,0,0,2,0,2,0,2,2010
51979,"New Sharon, IA","Shueyville, IA",0,2,0,0,2,0,0,0,2,2,2010
51980,"New Sharon, IA","Sigourney, IA",1,1,0,0,1,1,1,0,1,2,2010
51964,"New Sharon, IA","Perry, IA",0,1,0,0,1,0,0,1,0,1,2010
51958,"New Sharon, IA","Osceola, IA",0,1,0,0,0,1,0,1,0,1,2010
52010,"New Sharon, IA","Woodward, IA",0,1,0,0,1,0,1,0,0,1,2010
52006,"New Sharon, IA","West Union, IA",0,1,0,0,0,1,0,0,1,1,2010
52005,"New Sharon, IA","West Point, IA",0,1,0,1,0,0,0,1,0,1,2010
52003,"New Sharon, IA","West Chester, IA",0,0,1,0,0,1,0,0,1,1,2010
52001,"New Sharon, IA","West Branch, IA",1,0,0,0,0,1,0,1,0,1,2010
52000,"New Sharon, IA","Wellman, IA",1,0,0,0,0,1,0,1,0,1,2010
51962,"New Sharon, IA","Panama, IA",0,1,0,0,0,1,0,0,1,1,2010
51999,"New Sharon, IA","Webster, IA",0,0,1,1,0,0,0,1,0,1,2010
51986,"New Sharon, IA","Sully, IA",1,0,0,1,0,0,1,0,0,1,2010
51981,"New Sharon, IA","Sioux City, IA",0,1,0,0,0,1,0,1,0,1,2010
51974,"New Sharon, IA","Riverside, IA",1,0,0,1,0,0,0,1,0,1,2010
51982,"New Sharon, IA","Solon, IA",1,0,0,0,1,0,1,0,0,1,2010
51983,"New Sharon, IA","Spencer, IA",0,1,0,0,0,1,0,0,1,1,2010
51967,"New Sharon, IA","Polk City, IA",0,0,1,0,1,0,0,1,0,1,2010
51977,"New Sharon, IA","Shannon City, IA",0,0,1,0,1,0,0,0,1,1,2010
51984,"New Sharon, IA","Spirit Lake, IA",0,1,0,0,1,0,1,0,0,1,2010
51990,"New Sharon, IA","Tipton, IA",1,0,0,0,0,1,1,0,0,1,2010
51989,"New Sharon, IA","Tiffin, IA",0,1,0,0,0,1,1,0,0,1,2010
51988,"New Sharon, IA","Tennant, IA",1,0,0,0,0,1,0,1,0,1,2010
51987,"New Sharon, IA","Tama, IA",0,1,0,0,1,0,0,0,1,1,2010
51968,"New Sharon, IA","Rathbun, IA",1,0,0,0,0,1,1,0,0,1,2010
51969,"New Sharon, IA","Raymond, IA",0,0,1,1,0,0,0,1,0,1,2010
51976,"New Sharon, IA","Roland, IA",0,1,0,0,0,1,1,0,0,1,2010
51923,"New Sharon, IA","Lamoni, IA",0,0,1,0,1,0,0,1,0,1,2010
51955,"New Sharon, IA","Odebolt, IA",1,0,0,0,1,0,1,0,0,1,2010
51954,"New Sharon, IA","Norway, IA",0,0,1,0,0,1,1,0,0,1,2010
51889,"New Sharon, IA","Eldridge, IA",1,0,0,0,1,0,0,0,1,1,2010
51888,"New Sharon, IA","Eldora, IA",0,1,0,0,1,0,1,0,0,1,2010
51887,"New Sharon, IA","Eldon, IA",0,1,0,0,1,0,0,0,1,1,2010
51883,"New Sharon, IA","Decorah, IA",0,1,0,1,0,0,0,0,1,1,2010
51882,"New Sharon, IA","De Witt, IA",1,0,0,0,1,0,0,1,0,1,2010
51877,"New Sharon, IA","Corydon, IA",0,1,0,0,0,1,0,1,0,1,2010
51876,"New Sharon, IA","Corning, IA",0,1,0,0,1,0,0,0,1,1,2010
51875,"New Sharon, IA","Coralville, IA",0,1,0,0,1,0,1,0,0,1,2010
51870,"New Sharon, IA","Clio, IA",0,1,0,0,1,0,1,0,0,1,2010
51869,"New Sharon, IA","Clinton, IA",0,1,0,0,1,0,0,0,1,1,2010
51867,"New Sharon, IA","Clarion, IA",0,0,1,0,1,0,1,0,0,1,2010
51866,"New Sharon, IA","Cherokee, IA",1,0,0,0,1,0,1,0,0,1,2010
51863,"New Sharon, IA","Center Point, IA",0,0,1,1,0,0,0,0,1,1,2010
51860,"New Sharon, IA","Cascade, IA",0,0,1,0,1,0,0,0,1,1,2010
51852,"New Sharon, IA","Bloomfield, IA",0,1,0,0,1,0,0,0,1,1,2010
51849,"New Sharon, IA","Belmond, IA",0,1,0,1,0,0,0,0,1,1,2010
51848,"New Sharon, IA","Bellevue, IA",0,0,1,0,1,0,0,0,1,1,2010
51847,"New Sharon, IA","Belle Plaine, IA",1,0,0,0,1,0,1,0,0,1,2010
51846,"New Sharon, IA","Baxter, IA",0,1,0,0,1,0,0,1,0,1,2010
51845,"New Sharon, IA","Bagley, IA",0,0,1,1,0,0,0,0,1,1,2010
51844,"New Sharon, IA","Audubon, IA",1,0,0,1,0,0,0,0,1,1,2010
51842,"New Sharon, IA","Armstrong, IA",0,0,1,1,0,0,0,1,0,1,2010
51840,"New Sharon, IA","Anamosa, IA",0,1,0,0,1,0,0,1,0,1,2010
51837,"New Sharon, IA","Alton, IA",0,0,1,0,0,1,0,0,1,1,2010
51836,"New Sharon, IA","Algona, IA",0,1,0,1,0,0,0,0,1,1,2010
51892,"New Sharon, IA","Exira, IA",0,1,0,0,1,0,0,1,0,1,2010
51895,"New Sharon, IA","Floyd, IA",1,0,0,0,1,0,1,0,0,1,2010
51897,"New Sharon, IA","Franklin, IA",0,1,0,0,1,0,0,1,0,1,2010
51925,"New Sharon, IA","Leon, IA",0,1,0,0,1,0,0,1,0,1,2010
51953,"New Sharon, IA","Norwalk, IA",1,0,0,0,0,1,1,0,0,1,2010
51950,"New Sharon, IA","Nodaway, IA",0,1,0,1,0,0,0,0,1,1,2010
51945,"New Sharon, IA","Mount Union, IA",1,0,0,0,0,1,0,1,0,1,2010
51943,"New Sharon, IA","Mount Ayr, IA",0,1,0,0,0,1,1,0,0,1,2010
51942,"New Sharon, IA","Morrison, IA",1,0,0,0,1,0,1,0,0,1,2010
51941,"New Sharon, IA","Moravia, IA",0,1,0,1,0,0,0,0,1,1,2010
51940,"New Sharon, IA","Monticello, IA",0,1,0,1,0,0,0,1,0,1,2010
51936,"New Sharon, IA","Minburn, IA",0,1,0,0,0,1,0,0,1,1,2010
51934,"New Sharon, IA","Melbourne, IA",0,1,0,0,0,1,0,1,0,1,2010
51933,"New Sharon, IA","Mechanicsville, IA",0,1,0,0,0,1,0,1,0,1,2010
51926,"New Sharon, IA","Luther, IA",1,0,0,1,0,0,0,1,0,1,2010
51924,"New Sharon, IA","Lehigh, IA",0,1,0,0,1,0,0,0,1,1,2010
51898,"New Sharon, IA","Fremont, IA",1,0,0,1,0,0,0,1,0,1,2010
51921,"New Sharon, IA","Lacona, IA",0,1,0,1,0,0,0,1,0,1,2010
51919,"New Sharon, IA","Kirkman, IA",0,1,0,0,1,0,0,1,0,1,2010
51918,"New Sharon, IA","Kinross, IA",1,0,0,0,0,1,0,1,0,1,2010
51917,"New Sharon, IA","Keokuk, IA",1,0,0,1,0,0,0,1,0,1,2010
51916,"New Sharon, IA","Jefferson, IA",1,0,0,0,0,1,1,0,0,1,2010
51909,"New Sharon, IA","Harlan, IA",0,1,0,0,0,1,0,1,0,1,2010
51908,"New Sharon, IA","Hampton, IA",1,0,0,0,0,1,1,0,0,1,2010
51907,"New Sharon, IA","Hamburg, IA",0,1,0,0,0,1,0,0,1,1,2010
51902,"New Sharon, IA","Grant, IA",1,0,0,1,0,0,0,0,1,1,2010
51900,"New Sharon, IA","Gilbert, IA",0,1,0,0,0,1,0,0,1,1,2010
51899,"New Sharon, IA","Garwin, IA",0,1,0,0,1,0,1,0,0,1,2010
52011,"New Sharon, IA","Zearing, IA",0,0,1,0,0,1,1,0,0,1,2010
